[[-0.25705519  0.26761095  0.05718358 -0.39784928  0.23960494  0.20416222
   0.43297422 -0.31175323 -0.35174939  0.43963152]
 [-0.2444321   0.34498048  0.02015056 -0.20447145  0.34468329  0.16206861
  -0.50569716 -0.09646376 -0.23335678 -0.56077067]
 [-0.00577591 -0.42727566  0.14286619 -0.13709659 -0.46586592  0.51611127
  -0.10227305  0.15461801 -0.50600854 -0.06620327]
 [-0.53819922  0.19851991  0.48562978  0.43936834  0.04221662  0.12210693
   0.07171678  0.45299089  0.05164552  0.11111698]
 [ 0.03515221 -0.17289521 -0.46714933  0.3917863   0.42583422  0.62149839
   0.11846605 -0.00226432  0.12453543  0.00176968]
 [-0.46610622 -0.53541324  0.23821175 -0.01419098  0.03165507 -0.02415073
   0.01023998 -0.55945446  0.32090345 -0.14653653]
 [-0.02739784  0.43430022 -0.03607212 -0.17100948 -0.49240791  0.44911789
  -0.09966305 -0.15384295  0.54696793  0.05604028]
 [-0.49199041 -0.19557792 -0.50008917 -0.43528544 -0.01284016 -0.13523371
  -0.08231344  0.46346431  0.16475015  0.11384998]
 [ 0.25180636 -0.10058734  0.32737861 -0.41348672  0.23853436  0.15791195
   0.46193646  0.32286881  0.28668291 -0.40826003]
 [-0.24450251  0.18399157 -0.32639929  0.21137777 -0.35086138 -0.13782554
   0.54494776 -0.09322925 -0.19003516 -0.52084149]]